%YAML:1.0
Intrinsic: !!opencv-matrix
   rows: 3
   cols: 3
   dt: d
   data: [ 7.4267615326108410e+02, 0., 2.9284818563558144e+02, 0.,
       7.3898787318917789e+02, 2.5335458614689392e+02, 0., 0., 1. ]
distCoeffs: !!opencv-matrix
   rows: 1
   cols: 5
   dt: d
   data: [ -8.4754037281172520e-02, 3.1559943347154500e-02,
       -3.0007172311758714e-03, -5.1552777585130733e-03,
       5.0044185472350144e-01 ]
rvecs:
   - !!opencv-matrix
      rows: 3
      cols: 1
      dt: d
      data: [ -1.7725607311606277e+00, -1.7297528208002857e+00,
          -8.6521396405422268e-01 ]
   - !!opencv-matrix
      rows: 3
      cols: 1
      dt: d
      data: [ -1.7612263735797489e+00, -1.7792003978523867e+00,
          -3.7790990340539184e-02 ]
   - !!opencv-matrix
      rows: 3
      cols: 1
      dt: d
      data: [ 1.7555075098340165e+00, 1.6390287598657940e+00,
          1.2419284393313113e+00 ]
   - !!opencv-matrix
      rows: 3
      cols: 1
      dt: d
      data: [ 2.1818227075878700e+00, 2.0836408571309604e+00,
          2.2911672816159598e-01 ]
   - !!opencv-matrix
      rows: 3
      cols: 1
      dt: d
      data: [ 2.0493076984441188e+00, 1.9943696328349070e+00,
          -2.6316370573898151e-01 ]
   - !!opencv-matrix
      rows: 3
      cols: 1
      dt: d
      data: [ -1.6953915373695552e+00, -1.6007118473547963e+00,
          -8.9938104240753292e-01 ]
   - !!opencv-matrix
      rows: 3
      cols: 1
      dt: d
      data: [ -1.5014178245520029e+00, -1.5256298622624271e+00,
          -9.9604712722685340e-01 ]
   - !!opencv-matrix
      rows: 3
      cols: 1
      dt: d
      data: [ -1.5967965424551789e+00, -1.8249465642731348e+00,
          8.9572773096540784e-02 ]
   - !!opencv-matrix
      rows: 3
      cols: 1
      dt: d
      data: [ 1.4154096224626345e+00, 1.4917775240490483e+00,
          1.1386350616085070e+00 ]
   - !!opencv-matrix
      rows: 3
      cols: 1
      dt: d
      data: [ -1.7218989362888213e+00, -1.9865156857037602e+00,
          7.5844531489399805e-02 ]
   - !!opencv-matrix
      rows: 3
      cols: 1
      dt: d
      data: [ -1.7462511048694480e+00, -1.8349145793295074e+00,
          1.0619251394269364e+00 ]
   - !!opencv-matrix
      rows: 3
      cols: 1
      dt: d
      data: [ 1.3706484742576339e+00, 1.4493690963942152e+00,
          1.0011675652272065e+00 ]
   - !!opencv-matrix
      rows: 3
      cols: 1
      dt: d
      data: [ 1.6385167097574409e+00, 1.5207980733050044e+00,
          7.2006993241712203e-01 ]
   - !!opencv-matrix
      rows: 3
      cols: 1
      dt: d
      data: [ 1.7928666580281394e+00, 1.6629203032710120e+00,
          -5.1405527080515601e-01 ]
   - !!opencv-matrix
      rows: 3
      cols: 1
      dt: d
      data: [ -1.5417466605130383e+00, -1.8002604155801500e+00,
          8.6536057068775663e-01 ]
   - !!opencv-matrix
      rows: 3
      cols: 1
      dt: d
      data: [ 1.7078314417560869e+00, 1.6547086898842533e+00,
          -8.0444823309654878e-01 ]
   - !!opencv-matrix
      rows: 3
      cols: 1
      dt: d
      data: [ 1.6491056553441157e+00, 1.3575452784798345e+00,
          -4.1999013064542290e-02 ]
   - !!opencv-matrix
      rows: 3
      cols: 1
      dt: d
      data: [ 2.1346926619617173e+00, 2.1328890957843893e+00,
          -1.6167808168983767e-02 ]
   - !!opencv-matrix
      rows: 3
      cols: 1
      dt: d
      data: [ -1.8233916970966217e+00, -1.9035974678335628e+00,
          7.1565945641869189e-01 ]
   - !!opencv-matrix
      rows: 3
      cols: 1
      dt: d
      data: [ -1.8801251530674847e+00, -1.9908390238516311e+00,
          6.4876961921538190e-01 ]
tvecs:
   - !!opencv-matrix
      rows: 3
      cols: 1
      dt: d
      data: [ -4.7693755440137346e+00, -3.8243513124905379e+00,
          1.7927563782072419e+01 ]
   - !!opencv-matrix
      rows: 3
      cols: 1
      dt: d
      data: [ -5.5163904933096939e+00, -4.8977166095900531e+00,
          1.9505066660175249e+01 ]
   - !!opencv-matrix
      rows: 3
      cols: 1
      dt: d
      data: [ -4.6204332339073693e+00, -3.0979709451130266e+00,
          1.5746078020584731e+01 ]
   - !!opencv-matrix
      rows: 3
      cols: 1
      dt: d
      data: [ -5.1574687742852516e+00, -3.9806294186972320e+00,
          1.9737605512006059e+01 ]
   - !!opencv-matrix
      rows: 3
      cols: 1
      dt: d
      data: [ -4.8976044867283832e+00, 7.0647396283312874e-02,
          3.4065547609048373e+01 ]
   - !!opencv-matrix
      rows: 3
      cols: 1
      dt: d
      data: [ -6.7947420158463743e+00, -4.3551212263643349e+00,
          2.3960370360016494e+01 ]
   - !!opencv-matrix
      rows: 3
      cols: 1
      dt: d
      data: [ -4.7369390595001688e+00, -2.6603689479019681e+00,
          1.3854386111068248e+01 ]
   - !!opencv-matrix
      rows: 3
      cols: 1
      dt: d
      data: [ -4.5307210218927194e+00, -4.5529424688805644e+00,
          1.7566673868039498e+01 ]
   - !!opencv-matrix
      rows: 3
      cols: 1
      dt: d
      data: [ -4.0854381239721507e+00, -4.0506369297313114e+00,
          1.5043853020258650e+01 ]
   - !!opencv-matrix
      rows: 3
      cols: 1
      dt: d
      data: [ -5.3539517611917100e+00, -4.5003569099882119e+00,
          1.7522531428861729e+01 ]
   - !!opencv-matrix
      rows: 3
      cols: 1
      dt: d
      data: [ 1.0380856906599507e+00, -2.4397866267556931e-01,
          2.9373872035632175e+01 ]
   - !!opencv-matrix
      rows: 3
      cols: 1
      dt: d
      data: [ -3.9704822035372000e+00, -3.8570518842692397e-01,
          2.1164638487769384e+01 ]
   - !!opencv-matrix
      rows: 3
      cols: 1
      dt: d
      data: [ -5.9725660348109519e+00, -5.5660760243987098e-02,
          2.1594605862026338e+01 ]
   - !!opencv-matrix
      rows: 3
      cols: 1
      dt: d
      data: [ -5.0200795806355956e+00, 1.6002571105318868e+00,
          2.8545867409228180e+01 ]
   - !!opencv-matrix
      rows: 3
      cols: 1
      dt: d
      data: [ -1.2050461402180093e-02, -1.3242893663100932e+00,
          2.7907075986469867e+01 ]
   - !!opencv-matrix
      rows: 3
      cols: 1
      dt: d
      data: [ -4.2351190571961563e+00, 1.1129497762149725e+00,
          2.9612311172562425e+01 ]
   - !!opencv-matrix
      rows: 3
      cols: 1
      dt: d
      data: [ -6.2825952274622523e+00, 3.3210450580447609e-01,
          2.6085059639876970e+01 ]
   - !!opencv-matrix
      rows: 3
      cols: 1
      dt: d
      data: [ -2.3594710244887032e+00, -3.0876430528049710e+00,
          1.6116579556293281e+01 ]
   - !!opencv-matrix
      rows: 3
      cols: 1
      dt: d
      data: [ -1.3379940494039895e+00, -3.5434812505869888e+00,
          1.8722104643902110e+01 ]
   - !!opencv-matrix
      rows: 3
      cols: 1
      dt: d
      data: [ -1.2216272811057856e+00, -3.9610077547630045e+00,
          1.8580943021838724e+01 ]
