%YAML:1.0
IntrinsicLeft: !!opencv-matrix
   rows: 3
   cols: 3
   dt: d
   data: [ 7.3250741559363587e+02, 0., 3.2606039175969198e+02, 0.,
       7.3206995300874610e+02, 2.5101722509314851e+02, 0., 0., 1. ]
IntrinsicRight: !!opencv-matrix
   rows: 3
   cols: 3
   dt: d
   data: [ 7.3250741559363587e+02, 0., 3.6253644652237335e+02, 0.,
       7.3206995300874610e+02, 2.9630503405540890e+02, 0., 0., 1. ]
distCoeffsLeft: !!opencv-matrix
   rows: 1
   cols: 5
   dt: d
   data: [ -2.5779615032241116e-01, 5.4006471777582321e-01, 0., 0.,
       1.1074455307130151e+00 ]
distCoeffsRight: !!opencv-matrix
   rows: 1
   cols: 5
   dt: d
   data: [ -3.5447721111769087e-01, 1.2709781564496254e+00, 0., 0.,
       -2.3792615815481999e+00 ]
R: !!opencv-matrix
   rows: 3
   cols: 3
   dt: d
   data: [ 9.9800656642605123e-01, 1.1252821326324110e-02,
       -6.2098851701796021e-02, -1.3276807162399516e-02,
       9.9939076988442577e-01, -3.2277166253981027e-02,
       6.1697810026420594e-02, 3.3037298346149616e-02,
       9.9754795230902615e-01 ]
T: !!opencv-matrix
   rows: 3
   cols: 1
   dt: d
   data: [ -9.4828165810817477e-01, -6.6949422205716053e-05,
       -5.5026767109413649e-02 ]
E: !!opencv-matrix
   rows: 3
   cols: 3
   dt: d
   data: [ -7.3471040841458011e-04, 5.4991031317692396e-02,
       -1.8428933694392237e-03, 3.5898266891054090e-03,
       3.0709457676653736e-02, 9.4937352530837449e-01,
       1.2656968673322439e-02, -9.4770318299412259e-01,
       3.0603687252117276e-02 ]
F: !!opencv-matrix
   rows: 3
   cols: 3
   dt: d
   data: [ 7.0790504834101576e-08, -5.3016386693305772e-06,
       1.4377888235464389e-03, -3.4609214512099892e-07,
       -2.9624419649372119e-06, -6.6188684676301346e-02,
       -8.1642190397695287e-04, 6.9727019016385935e-02, 1. ]
R1: !!opencv-matrix
   rows: 3
   cols: 3
   dt: d
   data: [ 9.9990377901056249e-01, 1.3218227463544924e-02,
       -4.2084656489463426e-03, -1.3284471732312439e-02,
       9.9978177150717895e-01, -1.6122412125997482e-02,
       3.9944375310882324e-03, 1.6176768054500433e-02,
       9.9986116868499364e-01 ]
R2: !!opencv-matrix
   rows: 3
   cols: 3
   dt: d
   data: [ 9.9832062048288861e-01, 7.0482211847295207e-05,
       5.7930421635943821e-02, -1.0064411005756080e-03,
       9.9986943548902496e-01, 1.6127586650511557e-02,
       -5.7921721270793453e-02, -1.6158805869138333e-02,
       9.9819034617547375e-01 ]
P1: !!opencv-matrix
   rows: 3
   cols: 4
   dt: d
   data: [ 6.5459599912533497e+02, 0., 2.6351641273498535e+02, 0., 0.,
       6.5459599912533497e+02, 2.2409903335571289e+02, 0., 0., 0., 1.,
       0. ]
P2: !!opencv-matrix
   rows: 3
   cols: 4
   dt: d
   data: [ 6.5459599912533497e+02, 0., 2.6351641273498535e+02,
       -6.2178559343119332e+02, 0., 6.5459599912533497e+02,
       2.2409903335571289e+02, 0., 0., 0., 1., 0. ]
Q: !!opencv-matrix
   rows: 4
   cols: 4
   dt: d
   data: [ 1., 0., 0., -2.6351641273498535e+02, 0., 1., 0.,
       -2.2409903335571289e+02, 0., 0., 0., 6.5459599912533497e+02, 0.,
       0., 1.0527680377943212e+00, 0. ]
