%YAML:1.0
Intrinsic: !!opencv-matrix
   rows: 3
   cols: 3
   dt: d
   data: [ 7.4144683767763320e+02, 0., 3.1401505825127424e+02, 0.,
       7.4036608499946249e+02, 2.3361249026039579e+02, 0., 0., 1. ]
distCoeffs: !!opencv-matrix
   rows: 1
   cols: 5
   dt: d
   data: [ -2.9712452941165102e-01, 3.0041809270497990e+00,
       2.2858839324173441e-03, 2.2425498418297292e-04,
       -1.1560908986465149e+01 ]
rvecs:
   - !!opencv-matrix
      rows: 3
      cols: 1
      dt: d
      data: [ 1.8254070444601740e+00, 2.0841083578489661e+00,
          -2.1726276213364965e-01 ]
   - !!opencv-matrix
      rows: 3
      cols: 1
      dt: d
      data: [ 2.1564692343105989e+00, 1.5411164465028788e+00,
          3.9609644331860872e-02 ]
   - !!opencv-matrix
      rows: 3
      cols: 1
      dt: d
      data: [ -1.9757759013788474e+00, -1.8986881561553359e+00,
          -4.5713188498279117e-01 ]
   - !!opencv-matrix
      rows: 3
      cols: 1
      dt: d
      data: [ -1.9205685677481819e+00, -1.8356734800869348e+00,
          3.7691886889972170e-01 ]
   - !!opencv-matrix
      rows: 3
      cols: 1
      dt: d
      data: [ 1.4529783935325722e+00, 1.5017901644060239e+00,
          7.6275941917027412e-01 ]
   - !!opencv-matrix
      rows: 3
      cols: 1
      dt: d
      data: [ 2.1137014666713156e+00, 2.1548721374544160e+00,
          -5.1770402744783818e-02 ]
   - !!opencv-matrix
      rows: 3
      cols: 1
      dt: d
      data: [ -1.7366922539547924e+00, -1.7421919779294801e+00,
          8.4302949351067391e-01 ]
   - !!opencv-matrix
      rows: 3
      cols: 1
      dt: d
      data: [ 1.3986144959688116e+00, 1.5234709529948958e+00,
          6.8858747266746989e-01 ]
   - !!opencv-matrix
      rows: 3
      cols: 1
      dt: d
      data: [ -1.8988137128973726e+00, -1.7533788863239304e+00,
          -8.7419207995732731e-02 ]
   - !!opencv-matrix
      rows: 3
      cols: 1
      dt: d
      data: [ 1.8698177643972396e+00, 1.8951467764284629e+00,
          -1.3157888129554637e-01 ]
   - !!opencv-matrix
      rows: 3
      cols: 1
      dt: d
      data: [ -1.9207731150211436e+00, -2.0320843322877695e+00,
          9.7664016739334492e-01 ]
   - !!opencv-matrix
      rows: 3
      cols: 1
      dt: d
      data: [ -1.8620655227274612e+00, -2.0216131940569277e+00,
          1.0168633285031734e+00 ]
   - !!opencv-matrix
      rows: 3
      cols: 1
      dt: d
      data: [ 1.5732041871275626e+00, 1.5354920796464713e+00,
          -8.0852142948531736e-01 ]
   - !!opencv-matrix
      rows: 3
      cols: 1
      dt: d
      data: [ -1.8159247272515846e+00, -1.6811108563154962e+00,
          9.1223721472749475e-01 ]
   - !!opencv-matrix
      rows: 3
      cols: 1
      dt: d
      data: [ -2.1789282582602487e+00, -1.9714574695795366e+00,
          6.2611688024662238e-01 ]
   - !!opencv-matrix
      rows: 3
      cols: 1
      dt: d
      data: [ 1.6902694420531688e+00, 1.7289764075674030e+00,
          5.0329417857977199e-01 ]
   - !!opencv-matrix
      rows: 3
      cols: 1
      dt: d
      data: [ 1.3656141101921027e+00, 1.3873617817946660e+00,
          8.1648707867263581e-01 ]
   - !!opencv-matrix
      rows: 3
      cols: 1
      dt: d
      data: [ 1.5487414650764051e+00, 1.5574759478026070e+00,
          5.4384876630107082e-01 ]
   - !!opencv-matrix
      rows: 3
      cols: 1
      dt: d
      data: [ -1.5946741972667267e+00, -2.2066752500146873e+00,
          8.9699514848620221e-01 ]
   - !!opencv-matrix
      rows: 3
      cols: 1
      dt: d
      data: [ -1.6599832519429523e+00, -1.9388776214612922e+00,
          -4.6419199900822350e-01 ]
tvecs:
   - !!opencv-matrix
      rows: 3
      cols: 1
      dt: d
      data: [ -6.4019246461160151e+00, 1.3427995642262766e-01,
          3.5746235968453028e+01 ]
   - !!opencv-matrix
      rows: 3
      cols: 1
      dt: d
      data: [ -8.6095108122043591e+00, 1.0643311180066621e+00,
          3.5008604465845245e+01 ]
   - !!opencv-matrix
      rows: 3
      cols: 1
      dt: d
      data: [ -6.3096960928154910e+00, -4.2547160707455269e+00,
          1.9371377873425011e+01 ]
   - !!opencv-matrix
      rows: 3
      cols: 1
      dt: d
      data: [ -5.7904253115879092e+00, -4.0214010305172261e+00,
          2.0641926248427762e+01 ]
   - !!opencv-matrix
      rows: 3
      cols: 1
      dt: d
      data: [ -5.3649770506106815e+00, -2.1546924764990134e+00,
          2.1731674235424524e+01 ]
   - !!opencv-matrix
      rows: 3
      cols: 1
      dt: d
      data: [ -2.8614765385626315e+00, -3.8917021832909051e+00,
          1.6691138576088267e+01 ]
   - !!opencv-matrix
      rows: 3
      cols: 1
      dt: d
      data: [ -2.8575619373692582e+00, -2.8788555972059933e+00,
          1.5879058866543286e+01 ]
   - !!opencv-matrix
      rows: 3
      cols: 1
      dt: d
      data: [ -4.7740030431815530e+00, -1.3362668115221452e+00,
          1.8254500766764792e+01 ]
   - !!opencv-matrix
      rows: 3
      cols: 1
      dt: d
      data: [ -4.5845457756977526e+00, -2.8441699322452449e+00,
          1.4534740227275485e+01 ]
   - !!opencv-matrix
      rows: 3
      cols: 1
      dt: d
      data: [ -6.9899120476280192e+00, 1.1717458490298296e-01,
          4.1102586865860772e+01 ]
   - !!opencv-matrix
      rows: 3
      cols: 1
      dt: d
      data: [ -4.0958182378445382e+00, 2.3063664190349592e-01,
          4.0132828168928228e+01 ]
   - !!opencv-matrix
      rows: 3
      cols: 1
      dt: d
      data: [ -4.3076446632292118e+00, 8.2690698608735147e-01,
          3.7414157932749745e+01 ]
   - !!opencv-matrix
      rows: 3
      cols: 1
      dt: d
      data: [ -6.8526345719054760e+00, 1.1858896160515533e+00,
          3.1919692296316136e+01 ]
   - !!opencv-matrix
      rows: 3
      cols: 1
      dt: d
      data: [ -2.7771297618159365e+00, -2.2547634699871963e+00,
          1.5806296624909843e+01 ]
   - !!opencv-matrix
      rows: 3
      cols: 1
      dt: d
      data: [ -4.5110792986370116e+00, -2.2315364616101276e+00,
          1.8567136971324068e+01 ]
   - !!opencv-matrix
      rows: 3
      cols: 1
      dt: d
      data: [ -7.1895165868982192e+00, -2.0567751401023820e-01,
          2.2789823017568771e+01 ]
   - !!opencv-matrix
      rows: 3
      cols: 1
      dt: d
      data: [ -7.4274419967342400e+00, -1.2122113920227909e-01,
          3.0389081645017299e+01 ]
   - !!opencv-matrix
      rows: 3
      cols: 1
      dt: d
      data: [ -9.2018143955060285e+00, -3.5210504671925547e-01,
          3.2572862201545874e+01 ]
   - !!opencv-matrix
      rows: 3
      cols: 1
      dt: d
      data: [ -3.1947378552784604e+00, 1.5112493322311407e+00,
          3.7502449790655646e+01 ]
   - !!opencv-matrix
      rows: 3
      cols: 1
      dt: d
      data: [ -5.6020908239853808e+00, 8.2835953252483396e-01,
          3.3921446691008079e+01 ]
